coding_bases:
  AAA: 0.02840166608793093
  AAC: 0.019544493035879937
  AAG: 0.023508413475652
  AAT: 0.016962828390594622
  ACA: 0.01375378065412236
  ACC: 0.015543667708390997
  ACG: 0.012802641047964611
  ACT: 0.014132894500668482
  AGA: 0.014793827489779861
  AGC: 0.020935136304847793
  AGG: 0.009357066531125079
  AGT: 0.01387623778154655
  ATA: 0.009199382010880231
  ATC: 0.018814782756023465
  ATG: 0.022012088028222174
  ATT: 0.020688544555103192
  CAA: 0.02470446733665813
  CAC: 0.013783975562254351
  CAG: 0.016134145911861065
  CAT: 0.014233544194441788
  CCA: 0.016645781855208704
  CCC: 0.0072669078904327436
  CCG: 0.013466929026868435
  CCT: 0.010628607662461187
  CGA: 0.016323702835134124
  CGC: 0.01934654863812577
  CGG: 0.013458541552387326
  CGT: 0.01465962789808212
  CTA: 0.009957609703972475
  CTC: 0.013020715384473443
  CTG: 0.019482425724719733
  CTT: 0.015719804672494283
  GAA: 0.021297475202431696
  GAC: 0.010321626096452602
  GAG: 0.012502369461540912
  GAT: 0.02315613954744543
  GCA: 0.020854616549829147
  GCC: 0.016684364237821808
  GCG: 0.02249856154812649
  GCT: 0.01995044680076561
  GGA: 0.010816487090838026
  GGC: 0.01811023489961032
  GGG: 0.009893864897916048
  GGT: 0.01744259193091405
  GTA: 0.011061401345686405
  GTC: 0.01095236417743199
  GTG: 0.02051911757058479
  GTT: 0.017627116369498447
  TAA: 0.0
  TAC: 0.013116332593558084
  TAG: 0.0
  TAT: 0.01444323105646951
  TCA: 0.019240866459663795
  TCC: 0.008880657980598094
  TCG: 0.0157751620040696
  TCT: 0.012978778012067899
  TGA: 0.0
  TGC: 0.02160445676844028
  TGG: 0.024355548398243998
  TGT: 0.014428133602403515
  TTA: 0.016409255074841436
  TTC: 0.014018824847725401
  TTG: 0.02420792884737648
  TTT: 0.023691260419340176
coding_len: 990.4515103338633
noncode_len: 1182.7698675496688
noncoding_bases:
  A: 0.2655970406578265
  C: 0.2434663646853576
  G: 0.22592419951856565
  T: 0.26501239513825026
