coding_bases:
  AAA: 0.028427703368643392
  AAC: 0.0195624104865669
  AAG: 0.02352996485784469
  AAT: 0.01697670006262792
  ACA: 0.013766389458360827
  ACC: 0.01555791739494712
  ACG: 0.012814377893183295
  ACT: 0.014145850858237587
  AGA: 0.014807389758907689
  AGC: 0.02095432863036262
  AGG: 0.009365644639436113
  AGT: 0.013888958848586506
  ATA: 0.009207815561611267
  ATC: 0.018832031243441277
  ATG: 0.021212899672756517
  ATT: 0.020707510817168446
  CAA: 0.024727115203473583
  CAC: 0.013796612047731542
  CAG: 0.016148936920418886
  CAT: 0.014246592822806638
  CCA: 0.016661041906978227
  CCC: 0.007273569841885486
  CCG: 0.013479274859339032
  CCT: 0.010638351458491792
  CGA: 0.016338667620357263
  CGC: 0.019362605590171614
  CGG: 0.013470879695624945
  CGT: 0.014673067139482287
  CTA: 0.009966738361364785
  CTC: 0.013032652149749573
  CTG: 0.01950028627508265
  CTT: 0.015734215832942957
  GAA: 0.021316999702811205
  GAC: 0.010331088466556186
  GAG: 0.01251383103221896
  GAT: 0.023177367981853013
  GCA: 0.02087373505870738
  GCC: 0.01669965966006303
  GCG: 0.02251918714666855
  GCT: 0.019968736410328737
  GGA: 0.010826403125687355
  GGC: 0.01812683749145792
  GGG: 0.00990293511713772
  GGT: 0.01745858245981655
  GTA: 0.011071541906138712
  GTC: 0.010962404777855574
  GTG: 0.020474125265916812
  GTT: 0.017643276061526474
  TAA: 0.0
  TAC: 0.013128357016090171
  TAG: 0.0
  TAT: 0.014456471915658827
  TCA: 0.019258505560116927
  TCC: 0.008888799340475938
  TCG: 0.015789623913455935
  TCT: 0.012990676331179134
  TGA: 0.0
  TGC: 0.02162426269474681
  TGG: 0.02437787639296754
  TGT: 0.01444136062097347
  TTA: 0.016424298290240957
  TTC: 0.014031676631725996
  TTG: 0.02419989892222888
  TTT: 0.023712979426811803
coding_len: 990.4515103338633
noncode_len: 1177.8412959912137
noncoding_bases:
  A: 0.26608120198671326
  C: 0.2432772656723154
  G: 0.22580470699802177
  T: 0.26483682534294956
