coding_bases:
  A: 0.2604313988626767
  C: 0.23023058670309585
  G: 0.25385154605388227
  T: 0.25548646838034517
coding_len: 990.4515103338633
noncode_len: 1177.8412959912137
noncoding_bases:
  A: 0.26608120198671326
  C: 0.2432772656723154
  G: 0.22580470699802177
  T: 0.26483682534294956
